(120,26)
(920,26)
(728,26)
(801,26)
(742,26)
(281,26)
(909,26)
(133,26)
(856,26)
(575,26)
(810,26)
(304,26)
(333,26)
(482,26)
(247,26)
(485,26)
(797,26)
(355,26)
(915,26)
(98,27)
(604,27)
(46,27)
(583,27)
(628,27)
(408,27)
(612,27)
(785,27)
(289,27)
(191,27)
(842,27)
(225,27)
(261,27)
(359,27)
(744,27)
(172,27)
(182,28)
(678,28)
(613,28)
(410,28)
(609,28)
(375,28)
(219,28)
(775,28)
(17,28)
(819,28)
(53,28)
(827,28)
(171,28)
(581,28)
(800,28)
(813,29)
(706,29)
(769,29)
(602,29)
(657,29)
(103,29)
(80,29)
(879,29)
(238,29)
(672,29)
(696,29)
(146,29)
(563,30)
(67,30)
(713,30)
(783,30)
(522,30)
(720,30)
(510,30)
(898,30)
(376,30)
(531,30)
(165,30)
(129,30)
(131,30)
(229,30)
(544,31)
(702,31)
(390,31)
(845,31)
(439,31)
(427,31)
(471,31)
(841,31)
(925,32)
(928,32)
(306,32)
(419,32)
(285,32)
(691,32)
(759,32)
(150,32)
(626,32)
(142,33)
(750,33)
(491,33)
(509,33)
(209,33)
(772,33)
(108,33)
(737,33)
(208,33)
(701,33)
(789,33)
(462,33)
(438,33)
(366,33)
(377,33)
(803,33)
(874,34)
(675,34)
(68,34)
(635,34)
(754,34)
(337,34)
(564,34)
(29,34)
(40,35)
(743,35)
(739,35)
(917,35)
(192,35)
(473,35)
(565,35)
(477,35)
(814,35)
(136,35)
(673,35)
(817,36)
(777,36)
(689,36)
(31,36)
(149,36)
(446,36)
(420,36)
(576,36)
(169,37)
(517,37)
(156,37)
(767,37)
(502,37)
(607,37)
(211,37)
(779,37)
(66,38)
(175,38)
(646,38)
(448,38)
(680,38)
(71,38)
(695,38)
(730,38)
(755,38)
(794,39)
(859,39)
(784,39)
(718,39)
(196,39)
(935,39)
(614,39)
(74,39)
(515,40)
(692,40)
(199,40)
(550,40)
(641,40)
(937,40)
(905,40)
(433,41)
(674,41)
(32,41)
(906,41)
(853,41)
(760,41)
(597,41)
(349,41)
(781,42)
(162,42)
(644,42)
(611,42)
(352,42)
(179,42)
(722,42)
(204,42)
(616,43)
(589,43)
(469,43)
(884,43)
(861,43)
(173,43)
(203,43)
(30,43)
(529,43)
(358,43)
(404,44)
(556,44)
(351,44)
(714,44)
(340,44)
(434,44)
(467,44)
(424,44)
(623,45)
(900,45)
(530,45)
(126,45)
(368,45)
(574,46)
(265,46)
(670,46)
(668,46)
(837,46)
(112,46)
(259,46)
(580,47)
(869,47)
(284,47)
(904,47)
(599,47)
(703,47)
(792,47)
(137,47)
(494,47)
(891,47)
(603,47)
(667,47)
(45,48)
(237,48)
(185,48)
(20,48)
(114,48)
(590,48)
(519,49)
(929,49)
(939,49)
(902,49)
(677,49)
(852,49)
(836,50)
(350,50)
(403,50)
(413,50)
(226,50)
(113,51)
(12,51)
(850,51)
(138,51)
(322,51)
(371,51)
(573,51)
(412,51)
(154,51)
(272,51)
(440,51)
(157,51)
(388,52)
(41,52)
(555,52)
(735,53)
(382,53)
(557,53)
(912,53)
(528,53)
(283,53)
(464,53)
(183,53)
(218,53)
(396,54)
(123,54)
(834,54)
(525,54)
(277,54)
(3,54)
(135,55)
(492,55)
(79,55)
(428,55)
(780,55)
(793,55)
(481,56)
(248,56)
(96,56)
(539,56)
(187,56)
(52,56)
(787,57)
(470,57)
(37,57)
(490,57)
(753,57)
(257,57)
(395,57)
(839,57)
(507,58)
(411,58)
(227,58)
(367,58)
(348,58)
(647,58)
(365,58)
(81,58)
(633,58)
(161,58)
(8,59)
(100,59)
(190,59)
(483,59)
(546,59)
(893,59)
(480,60)
(910,60)
(745,60)
(931,61)
(122,61)
(421,62)
(287,62)
(821,62)
(679,62)
(582,62)
(2,62)
(432,62)
(164,63)
(540,63)
(180,63)
(97,63)
(930,63)
(176,63)
(768,64)
(829,64)
(770,64)
(206,64)
(106,64)
(734,64)
(423,64)
(329,65)
(54,65)
(148,65)
(69,65)
(430,65)
(778,65)
(73,66)
(324,66)
(865,66)
(761,66)
(48,66)
(372,66)
(638,67)
(746,67)
(101,67)
(719,67)
(84,68)
(526,68)
(460,68)
(24,68)
(402,68)
(167,69)
(168,69)
(771,70)
(331,70)
(569,70)
(686,71)
(274,71)
(860,71)
(383,71)
(658,71)
(872,71)
(118,71)
(77,72)
(562,72)
(501,73)
(831,73)
(518,73)
(752,73)
(121,74)
(908,74)
(579,74)
(923,74)
(802,75)
(683,75)
(338,75)
(288,75)
(316,75)
(610,75)
(449,75)
(370,75)
(89,76)
(217,76)
(559,76)
(357,76)
(676,77)
(251,77)
(25,78)
(75,79)
(942,79)
(28,79)
(534,80)
(585,80)
(65,80)
(465,80)
(844,81)
(877,81)
(538,81)
(568,81)
