(243,81)
(76,82)
(924,82)
(255,83)
(731,83)
(476,83)
(552,84)
(591,84)
(724,85)
(710,86)
(117,86)
(684,86)
(508,87)
(315,87)
(619,89)
(600,89)
(875,89)
(323,89)
(605,90)
(704,90)
(186,92)
(115,92)
(717,93)
(215,93)
(838,93)
(63,93)
(232,93)
(235,94)
(867,95)
(275,95)
(595,96)
(195,96)
(253,97)
(422,97)
(14,98)
(587,98)
(911,98)
(91,98)
(451,98)
(523,100)
(553,100)
(669,100)
(466,101)
(426,101)
(560,101)
(885,102)
(360,102)
(397,102)
(499,102)
(835,102)
(918,103)
(615,103)
(15,104)
(741,104)
(637,104)
(828,104)
(697,105)
(223,105)
(776,105)
(708,105)
(152,106)
(57,106)
(625,106)
(830,106)
(141,107)
(26,107)
(940,107)
(159,107)
(863,107)
(733,107)
(617,108)
(938,108)
(630,108)
(748,108)
(764,109)
(756,109)
(489,109)
(640,109)
(620,110)
(233,110)
(921,110)
(104,111)
(392,111)
(307,112)
(188,112)
(505,112)
(478,113)
(554,114)
(705,114)
(177,115)
(826,115)
(690,115)
(871,115)
(786,117)
(197,118)
(459,118)
(632,118)
(890,119)
(264,120)
(927,120)
(160,120)
(193,121)
(361,121)
(661,121)
(391,121)
(38,121)
(629,121)
(250,122)
(645,122)
(263,123)
(236,124)
(292,124)
(901,124)
(671,124)
(321,125)
(213,126)
(381,127)
(298,127)
(698,127)
(922,127)
(22,128)
(214,128)
(496,129)
(763,129)
(336,130)
(216,131)
(70,131)
(913,132)
(210,132)
(541,133)
(110,133)
(230,133)
(463,133)
(878,134)
(899,135)
(634,135)
(445,135)
(542,135)
(493,135)
(99,136)
(903,136)
(527,137)
(72,137)
(882,137)
(270,138)
(709,138)
(447,139)
(484,139)
(806,140)
(16,140)
(624,141)
(224,141)
(936,142)
(325,142)
(665,142)
(116,143)
(442,143)
(468,143)
(436,145)
(825,145)
(847,146)
(221,146)
(907,147)
(296,147)
(330,147)
(654,147)
(639,148)
(601,148)
(738,148)
(498,149)
(394,149)
(699,149)
(566,149)
(848,150)
(290,150)
(521,150)
(294,150)
(23,151)
(44,151)
(401,153)
(320,154)
(58,154)
(488,154)
(693,154)
(567,155)
(83,155)
(548,155)
(593,156)
(453,156)
(694,157)
(663,158)
(795,159)
(254,159)
(239,159)
(262,160)
(503,160)
(773,161)
(249,161)
(545,162)
(712,162)
(380,162)
(608,163)
(536,163)
(862,165)
(664,166)
(586,166)
(757,166)
(715,167)
(721,168)
(751,168)
(82,168)
(943,168)
(887,171)
(621,171)
(398,172)
(158,173)
(318,174)
(934,174)
(5,175)
(766,175)
(174,177)
(21,179)
(11,181)
(627,181)
(198,181)
(119,181)
(125,182)
(458,183)
(332,183)
(815,183)
(42,183)
(128,184)
(10,184)
(933,184)
(267,185)
(823,185)
(897,185)
(56,187)
(189,187)
(326,187)
(577,188)
(455,189)
(486,189)
(344,190)
(659,191)
(297,192)
(346,193)
(514,194)
(246,195)
(295,196)
(379,196)
(840,197)
(543,197)
(347,199)
(64,200)
(342,201)
(479,202)
(409,203)
(425,204)
(843,204)
(807,204)
(144,206)
(452,206)
(643,206)
(256,207)
(60,208)
(868,208)
(851,209)
(87,211)
(6,211)
(495,213)
(49,215)
(102,216)
(618,216)
(200,216)
(919,217)
(854,217)
(456,217)
(535,218)
(43,221)
(711,221)
(305,222)
(312,223)
(660,224)
(774,224)
(588,225)
(500,225)
(892,226)
(407,226)
(622,228)
(207,230)
(487,231)
(790,231)
(62,232)
(345,232)
(782,232)
(373,233)
(354,233)
(109,234)
(454,236)
(606,236)
(707,236)
(343,237)
(244,238)
(798,239)
(886,240)
(932,241)
(506,242)
(314,245)
(666,245)
(894,245)
(788,249)
(504,251)
(184,251)
(339,254)
(280,258)
(881,259)
(533,260)
(313,262)
(437,263)
(472,263)
(833,267)
(883,268)
(716,269)
(870,269)
(389,271)
(1,272)
(805,273)
(178,273)
(532,274)
(374,274)
(301,275)
(18,277)
(457,277)
(95,278)
(271,278)
(497,279)
(299,280)
(385,281)
(328,283)
(653,283)
(327,284)
(286,288)
(85,288)
(747,293)
(864,294)
(311,294)
(291,296)
(648,297)
(90,300)
(387,304)
(194,305)
(749,305)
(524,306)
(151,307)
(650,311)
(363,311)
(145,316)
(916,317)
(642,318)
(399,319)
(727,322)
(269,323)
(889,326)
(474,327)
(268,328)
(804,332)
(334,333)
(551,334)
(406,342)
(130,353)
(758,357)
(561,357)
(796,358)
(592,360)
(896,362)
(417,365)
(880,368)
(378,375)
(435,379)
(59,382)
(201,386)
(222,387)
(293,388)
(92,388)
(308,397)
(682,399)
(94,400)
(7,403)
(846,405)
(429,414)
(279,434)
(181,435)
(393,448)
(234,480)
(303,484)
(537,490)
(416,493)
(276,518)
(450,540)
(13,636)
(655,685)
(405,737)
